name: c1_coursework_wp289
channels:
  - conda-forge
  - defaults
dependencies:
  - black=23.3.0=py312haa95532_0
  - brotli-python=1.0.9=py312hd77b12b_7
  - bzip2=1.0.8=he774522_0
  - ca-certificates=2023.11.17=h56e8100_0
  - certifi=2023.7.22=py312haa95532_1
  - cffi=1.16.0=py312h2bbff1b_0
  - cfgv=3.3.1=pyhd8ed1ab_0
  - click=8.1.7=py312haa95532_0
  - colorama=0.4.6=py312haa95532_0
  - cryptography=41.0.3=py312h89fc84f_0
  - distlib=0.3.7=pyhd8ed1ab_0
  - docutils=0.18.1=py312haa95532_3
  - expat=2.5.0=hd77b12b_0
  - filelock=3.13.1=pyhd8ed1ab_0
  - flake8=4.0.1=pyhd3eb1b0_1
  - identify=2.5.32=pyhd8ed1ab_0
  - idna=3.4=py312haa95532_0
  - imagesize=1.4.1=py312haa95532_0
  - importlib-metadata=6.0.0=py312haa95532_0
  - iniconfig=1.1.1=pyhd3eb1b0_0
  - jinja2=3.1.2=py312haa95532_0
  - libffi=3.4.4=hd77b12b_0
  - mccabe=0.7.0=pyhd3eb1b0_0
  - mypy_extensions=1.0.0=py312haa95532_0
  - nodeenv=1.8.0=pyhd8ed1ab_0
  - openssl=3.1.4=hcfcfb64_0
  - packaging=23.1=py312haa95532_0
  - pathspec=0.10.3=py312haa95532_0
  - pip=23.3=py312haa95532_0
  - pluggy=1.0.0=py312haa95532_1
  - pre-commit=3.5.0=pyha770c72_0
  - pycodestyle=2.8.0=pyhd3eb1b0_0
  - pycparser=2.21=pyhd8ed1ab_0
  - pyflakes=2.4.0=pyhd3eb1b0_0
  - pyopenssl=23.2.0=py312haa95532_0
  - pysocks=1.7.1=py312haa95532_0
  - pytest=7.4.0=py312haa95532_0
  - python=3.12.0=h1d929f7_0
  - pytz=2023.3.post1=py312haa95532_0
  - pyyaml=6.0.1=py312h2bbff1b_0
  - requests=2.31.0=py312haa95532_0
  - setuptools=68.0.0=py312haa95532_0
  - snowballstemmer=2.2.0=pyhd3eb1b0_0
  - sphinxcontrib-jsmath=1.0.1=pyhd3eb1b0_0
  - sqlite=3.41.2=h2bbff1b_0
  - tk=8.6.12=h2bbff1b_0
  - tzdata=2023c=h04d1e81_0
  - ucrt=10.0.22621.0=h57928b3_0
  - ukkonen=1.0.1=py312h59b6b97_0
  - vc=14.2=h21ff451_1
  - vc14_runtime=14.36.32532=hdcecf7f_17
  - vs2015_runtime=14.36.32532=h05e6639_17
  - wheel=0.41.2=py312haa95532_0
  - win_inet_pton=1.1.0=py312haa95532_0
  - xz=5.4.2=h8cc25b3_0
  - yaml=0.2.5=h8ffe710_2
  - zipp=3.11.0=py312haa95532_0
  - zlib=1.2.13=h8cc25b3_0
  - pip:
      - accessible-pygments==0.0.4
      - alabaster==0.7.13
      - asttokens==2.4.1
      - babel==2.13.1
      - beautifulsoup4==4.12.2
      - charset-normalizer==3.3.2
      - comm==0.2.0
      - debugpy==1.8.0
      - decorator==5.1.1
      - executing==2.0.1
      - ipykernel==6.27.0
      - ipython==8.17.2
      - jedi==0.19.1
      - jupyter-client==8.6.0
      - jupyter-core==5.5.0
      - markupsafe==2.1.3
      - matplotlib-inline==0.1.6
      - nest-asyncio==1.5.8
      - parso==0.8.3
      - platformdirs==2.6.2
      - prompt-toolkit==3.0.41
      - psutil==5.9.6
      - pure-eval==0.2.2
      - pydata-sphinx-theme==0.14.3
      - pygments==2.17.1
      - python-dateutil==2.8.2
      - pywin32==306
      - pyzmq==25.1.1
      - six==1.16.0
      - soupsieve==2.5
      - sphinx==7.2.6
      - sphinx-rtd-theme==1.3.0
      - sphinxcontrib-applehelp==1.0.7
      - sphinxcontrib-devhelp==1.0.5
      - sphinxcontrib-htmlhelp==2.0.4
      - sphinxcontrib-jquery==4.1
      - sphinxcontrib-qthelp==1.0.6
      - sphinxcontrib-serializinghtml==1.1.9
      - stack-data==0.6.3
      - tornado==6.3.3
      - traitlets==5.13.0
      - typing-extensions==4.8.0
      - urllib3==2.1.0
      - virtualenv==20.24.7
      - wcwidth==0.2.11
prefix: C:\Users\William Purvis\.conda\envs\c1_coursework_wp289
